3.169825045127924734e-02 -7.163042397846366427e-01 3.907112532711001091e-02 -3.118251636826676054e-01 2.997219564038915152e-03 2.654168916344470386e-01
1.040573866172324335e-02 -7.431437553649907768e-01 5.020374865058808284e-02 -3.228140662597175359e-01 9.602046594158909071e-03 2.776418687729927948e-01
2.503648098657650090e-02 -7.897552239109759675e-01 6.280661902222869908e-02 -3.263595000172920257e-01 1.449164091337108370e-02 2.731396902143121697e-01
2.645963290118838115e-02 -8.182128868609472860e-01 7.505041374254248221e-02 -3.480836762322014888e-01 1.949870044950277256e-02 2.810985567680895358e-01
2.609734748534624227e-02 -8.367638453769034035e-01 9.464824473725572118e-02 -3.671892895565774251e-01 2.774103700231998412e-02 2.888198859268548135e-01
4.152807901438040905e-02 -8.522912683071767193e-01 1.048194172668807378e-01 -3.909057019350840045e-01 3.147505616376863880e-02 2.913986143568925158e-01
3.488858015133167179e-02 -8.407462229228639394e-01 1.102044754324037479e-01 -3.989330789782463138e-01 3.393383148190980830e-02 2.974681192638152227e-01
3.037852525275430010e-02 -8.368790490984403529e-01 1.039219908193009106e-01 -3.812590623508381737e-01 3.049238647527918733e-02 2.891216418548380740e-01
2.845144973048820136e-02 -8.504304307849740452e-01 9.243846359051859085e-02 -3.783581273911755249e-01 2.584395927623718558e-02 2.867312670889192727e-01
1.636288078666351190e-02 -8.426449054402429528e-01 8.174223006352535070e-02 -3.544551937003400099e-01 2.054380061919241357e-02 2.816675912421187089e-01
1.985907987006314476e-02 -8.684528437326922701e-01 7.808832475383678529e-02 -3.672531413946112377e-01 2.082340863529102970e-02 2.902000750770495907e-01
2.771976772113080717e-02 -8.398885660516668406e-01 7.507689896777924865e-02 -3.753157763608328534e-01 2.011639393122833727e-02 2.867047978456310209e-01
2.865668463906018842e-02 -8.120244184376731456e-01 7.359216684052538593e-02 -3.606224959335333491e-01 1.702963254389622261e-02 2.855266270290233166e-01
3.104491988370744124e-02 -8.290525383551771155e-01 7.623009754662238291e-02 -3.650825859619682423e-01 1.810563735477700720e-02 2.872640974352184684e-01
2.326856276537930812e-02 -7.986285715798195906e-01 7.490323283382493980e-02 -3.438049200148489137e-01 1.882243309590488772e-02 2.798429198092523551e-01
8.655940881616135119e-03 -7.844062939561310399e-01 7.015104713121819713e-02 -3.237281503515890280e-01 1.850004882860504379e-02 2.782449392928351140e-01
9.090967032854065100e-03 -8.257226100260439683e-01 7.298415380713846323e-02 -3.356740621767832500e-01 2.078022621563194172e-02 2.810135973793559394e-01
2.154372229799466840e-02 -8.342949254533653658e-01 7.907313606364624325e-02 -3.471244900272417722e-01 2.192429638398656760e-02 2.890554115768388943e-01
2.882069143137642314e-02 -8.640336823490879503e-01 8.583959932213321153e-02 -3.601553714924337068e-01 2.060038947783196864e-02 2.902014595324489687e-01
3.110848438788234999e-02 -8.742756667843389895e-01 8.808460162374974478e-02 -3.744406173865794107e-01 2.084431838233766904e-02 2.953674488909248663e-01
3.086148481935007543e-02 -8.472987523560501222e-01 8.669003582342582614e-02 -3.661348040036395135e-01 2.522703464893225750e-02 2.939942198881536073e-01
3.005790350361299546e-02 -8.405183154588281580e-01 7.683110128896444846e-02 -3.545456439530531578e-01 2.387252484805902492e-02 2.785854322974589681e-01
1.930184942491418310e-02 -7.865041824203905518e-01 6.121839668142248919e-02 -3.478113982903388024e-01 1.882200648391907372e-02 2.675626882618943325e-01
3.136677532948445313e-02 -8.096224997101543197e-01 7.779357424150483424e-02 -3.579979362873874082e-01 2.117439211824687778e-02 2.803531007273973308e-01
2.840336414469360124e-02 -8.503248084284115160e-01 8.921949414061788874e-02 -3.746924645235508167e-01 2.043821744144506958e-02 2.890701395313586275e-01
1.867690476872475164e-02 -8.096294512143671351e-01 8.373765283954333338e-02 -3.602064477659738251e-01 1.801448026807622727e-02 2.736029440905685117e-01
2.273411160850835611e-02 -8.342645180911382186e-01 8.734176401308595128e-02 -3.498363112275191811e-01 1.939948171532209636e-02 2.768725339718401401e-01
1.741675715448800024e-02 -8.468722262448969973e-01 7.503996869161164152e-02 -3.555838276190741998e-01 2.084303317773202047e-02 2.684923700902174803e-01
2.453037744894463051e-02 -8.465363134364671804e-01 7.603140533197708106e-02 -3.589198174477411518e-01 1.938016428800182211e-02 2.812509102221596446e-01
3.524726165945975265e-02 -8.918748637493992826e-01 1.005213758642017480e-01 -3.868740828934842391e-01 2.749579619218343179e-02 3.194240197431265638e-01
4.193966465732087978e-02 -9.222212218004923745e-01 1.113274519177752803e-01 -4.069247530605907825e-01 2.951141327962372718e-02 3.211465560922885376e-01
5.032089599510984612e-02 -9.048851452854631550e-01 1.135646646979084906e-01 -3.915254009800014923e-01 2.331437379922898789e-02 3.306193130942449709e-01
4.964898892883607556e-02 -8.793760312452371108e-01 1.033082349490093144e-01 -3.874043690642715587e-01 2.547304641117318150e-02 3.147415927626336374e-01
4.115630513209206365e-02 -8.630839076955948430e-01 9.602444860959025164e-02 -3.828804553548490475e-01 2.404560523097308208e-02 3.051402044874196307e-01
3.887809918532054293e-02 -8.582067173399833271e-01 9.439585723427201813e-02 -3.798997560022330244e-01 2.525371793270297927e-02 3.150098020472384963e-01
2.531027979251557203e-02 -8.345514516227507951e-01 9.495871916543914548e-02 -3.797981333985722685e-01 2.723033019097781393e-02 3.038554655623752487e-01
2.178891623771302827e-02 -8.239264623911154439e-01 9.616411033152130750e-02 -3.680445118647201475e-01 2.208804577188197560e-02 3.039490484841884665e-01
2.721749965886630096e-02 -8.488802219082044465e-01 9.575914800878500277e-02 -3.714603422146506295e-01 2.192438406005599305e-02 3.079245416587871320e-01
3.469829251737796549e-02 -8.469813706422403277e-01 9.480217880554528409e-02 -3.805788187910615350e-01 1.972313117034717872e-02 3.068263174973444030e-01
4.601311725648717099e-02 -8.848103753276496120e-01 9.108378896512582534e-02 -3.842774778930779234e-01 2.314176948386139840e-02 3.108791923339903618e-01
5.509746557213060503e-02 -9.339531476490952056e-01 1.006296527220562620e-01 -4.012090147635599680e-01 3.050962876007392091e-02 3.272057427645460037e-01
5.434319972775743246e-02 -9.237549862838952963e-01 9.850460327530523308e-02 -3.990965222888155362e-01 3.009256340405664157e-02 3.306090920846169734e-01
4.535979403882912930e-02 -8.891903901644909736e-01 9.726993547702918186e-02 -3.784990951217273025e-01 2.901235597269322813e-02 3.229073834481637206e-01
3.586355900600005087e-02 -8.442291202818784646e-01 9.334027599367013261e-02 -3.670862611863120462e-01 2.423169345740356848e-02 3.069127265223076106e-01
2.477231483242888638e-02 -8.007885735857679377e-01 8.409168145412794504e-02 -3.580793828031399451e-01 1.850672643146590926e-02 2.747831952316624471e-01
2.309004207113765986e-02 -7.761284944187204493e-01 7.975571696992364568e-02 -3.567676426567865100e-01 1.911923561227378554e-02 2.746540822028831763e-01
1.959091118880454049e-02 -7.858008758174934716e-01 7.743615247670621038e-02 -3.669602281616543005e-01 1.963158384336335244e-02 2.730048163896613422e-01
2.476000781016492180e-02 -8.331394327982192261e-01 8.478730328724290444e-02 -3.793368358148585529e-01 1.991161822257005165e-02 2.889938648510088637e-01
3.240668658894434173e-02 -8.262692779032669854e-01 8.988249684949056739e-02 -3.776639728600870161e-01 2.291643615459263567e-02 2.948417695007364836e-01
3.213856119051121396e-02 -8.542510479685169189e-01 9.788486027265612399e-02 -3.752754283564307958e-01 1.995173759732524893e-02 2.821704740921114896e-01
3.607695313550364491e-02 -8.685999434758491233e-01 1.026927500729159087e-01 -3.758211070458269409e-01 2.229707220553300145e-02 2.978759924965043160e-01
4.084467559410859261e-02 -8.742441344315446949e-01 1.023815474927819991e-01 -3.784216198792519914e-01 2.520007208879279301e-02 3.014475815504216727e-01
3.521554977599108266e-02 -9.103475660855822049e-01 1.009762573114551948e-01 -3.779004857913447757e-01 2.211117842371877057e-02 2.987555244125403853e-01
3.146505429300884560e-02 -8.967187522358036622e-01 9.518782474363926549e-02 -3.677646704535735833e-01 2.390716290410092523e-02 3.006566525951145930e-01
3.339953362840335227e-02 -8.718499230612760664e-01 8.794060744505736993e-02 -3.698512414125064152e-01 2.107756428132514029e-02 2.860145998551382185e-01
2.557533782693917693e-02 -8.289502749548253169e-01 8.156896446048789162e-02 -3.646251868255912520e-01 2.142737487464018570e-02 2.872452984098504691e-01
1.993521708227352293e-02 -8.075025080620854556e-01 8.786469500029471524e-02 -3.662642575010836565e-01 2.343700424829142995e-02 2.838870582298167466e-01
2.550195193244660097e-02 -8.303998957589927565e-01 8.692611755181478550e-02 -3.785198764123205994e-01 2.381208005561686811e-02 2.875498574776718108e-01
2.914534120547769558e-02 -8.352431988987426559e-01 9.230746394146535638e-02 -3.769106991342483504e-01 2.747536418371945843e-02 2.975221967762963771e-01
3.386762377502291338e-02 -8.667008773191087201e-01 1.002845707182703078e-01 -3.863959293199931699e-01 2.676045266034306896e-02 2.942107265729850263e-01
4.018624990298635957e-02 -8.794330797903325836e-01 9.674214982785664385e-02 -3.933938354779506485e-01 2.682140850542995281e-02 3.149735622339142616e-01
3.981944156799102630e-02 -8.778512289913750211e-01 9.761620202969688298e-02 -3.849434571279933825e-01 2.810963736661048484e-02 3.062948446601795882e-01
3.330297617801315779e-02 -8.840240647332264778e-01 9.808881478179404256e-02 -3.836319585760489814e-01 2.350738562638098397e-02 3.095497553815195202e-01
3.399341441852068990e-02 -8.797178197856500015e-01 9.606832923342308039e-02 -3.822414607380495433e-01 2.478668798996453912e-02 3.121019803392295899e-01
3.588467136105900901e-02 -8.459482466876165896e-01 9.753549528667244950e-02 -3.725471168603591843e-01 2.405248161603351989e-02 3.015074386726080413e-01
3.265975187797200835e-02 -8.477540627961642761e-01 1.054386529777125853e-01 -3.898917481894889070e-01 2.299822711896065686e-02 3.085530399851890704e-01
4.080451226258156872e-02 -8.743813457810515333e-01 1.049294730785414603e-01 -3.917855556622749091e-01 2.638832281872581509e-02 3.054082273330017139e-01
3.643887813335247583e-02 -8.573473477878342797e-01 1.087591425750897844e-01 -3.801692793333100728e-01 2.412411172036407064e-02 2.970134636736874723e-01
3.735264772287774648e-02 -8.442708277446686616e-01 9.865378257763982028e-02 -3.668170906004530885e-01 2.646840331755291945e-02 2.897629549509442293e-01
3.844796453779996542e-02 -8.274646501068424476e-01 9.572267034202225355e-02 -3.639703805499545086e-01 3.021461475019176016e-02 2.910962983835636564e-01
2.988555020367376219e-02 -7.974815405724741124e-01 8.662921004319777685e-02 -3.560298338409748631e-01 3.108134698734502793e-02 2.857960277755079437e-01
2.804091730296775359e-02 -7.948413377101134492e-01 8.112142276595771251e-02 -3.623980584120796711e-01 3.134873581790448976e-02 2.962239752511421353e-01
2.973502015878557586e-02 -8.371340955927325522e-01 9.003968108887250299e-02 -3.691820766944743926e-01 2.944493960190493545e-02 3.093141066526493010e-01
3.092684433579679509e-02 -8.397910449943638556e-01 9.217300675424933143e-02 -3.625680268574005827e-01 2.805091896788406911e-02 3.035100246408742874e-01
3.939191967870290384e-02 -8.608892477771220575e-01 1.048305104582668568e-01 -3.773353693543639586e-01 2.477752555627806344e-02 3.112841225975742643e-01
4.124284601112138821e-02 -8.278778355095426367e-01 9.884715710521888021e-02 -3.485451646581174678e-01 2.016500288094582455e-02 2.845233986476130572e-01
3.522287192341103795e-02 -8.007957766503714936e-01 9.148788441775722313e-02 -3.473400986980900718e-01 2.194264980119072297e-02 2.704857083916444305e-01
3.009067921904378523e-02 -8.038860757387539246e-01 8.277502980626932905e-02 -3.589179472636825352e-01 1.950871347616771334e-02 2.752791852998942579e-01
3.041157100946104488e-02 -8.045464764514094202e-01 8.665336073184945476e-02 -3.564456181665826007e-01 2.307313170760501991e-02 2.731434847824952272e-01
4.019427981987958032e-02 -9.083338187126893670e-01 1.039111660688484123e-01 -4.049256834252047410e-01 3.260998003993537814e-02 3.050714449018969709e-01
3.649665090548384616e-02 -9.172175395367433426e-01 1.018906741290266510e-01 -4.026113348240864531e-01 2.854596749453084184e-02 3.099727840675812196e-01
4.287260445524856967e-02 -9.090352661026599446e-01 1.068004640130049976e-01 -3.835343471348143796e-01 2.759658143391431617e-02 3.126002393558027226e-01
3.441145941067130787e-02 -9.350011749455539034e-01 1.046969400256693300e-01 -3.862419134056450654e-01 2.644282462426267299e-02 3.130844579117524895e-01
3.616147551043901592e-02 -8.909598723491765071e-01 1.027463961234111045e-01 -3.804144059742953776e-01 2.884307954368984378e-02 3.088673572423299984e-01
5.141534279801800167e-02 -9.189339487289367447e-01 1.130986384542217171e-01 -4.054062922236039701e-01 3.434237135346353276e-02 3.212211338862203114e-01
6.108904966517314516e-02 -9.409789668638293136e-01 1.193881138941781939e-01 -4.282753415860461321e-01 3.627897505868162009e-02 3.278388468995011573e-01
6.253724563963780625e-02 -9.108729741801271373e-01 1.168808121329879685e-01 -4.217793803151774212e-01 3.811663048870529702e-02 3.214258710615326420e-01
5.414972427287423340e-02 -9.145122046033162810e-01 1.144596188376304224e-01 -4.151632711899320149e-01 3.413133960526763822e-02 3.242109554455460119e-01
4.292916163330961349e-02 -8.878527687630249909e-01 1.066095681847346321e-01 -3.966643754693053858e-01 3.065453533048309240e-02 3.195069459633376741e-01
2.635785442594723582e-02 -8.573189013466652186e-01 1.004582015808850176e-01 -3.789810597166645700e-01 2.986902640314617607e-02 3.084320956802326652e-01
2.814956168653762539e-02 -8.620156938008191050e-01 9.685667728787389352e-02 -3.786339799743431156e-01 2.946369278785385820e-02 3.203820672491724530e-01
2.904125009348265674e-02 -8.601342470764209436e-01 9.352564629436303789e-02 -3.611753543221017382e-01 2.638803913366582696e-02 3.171632849147095756e-01
2.877926786185844299e-02 -8.541334130173654504e-01 9.244701961265720802e-02 -3.604807411961584163e-01 2.414652156016056095e-02 3.119375221859520542e-01
2.784017373614169205e-02 -8.539583301104050062e-01 9.113866264761556757e-02 -3.533744557862972258e-01 2.449110234348700343e-02 3.033756698352737535e-01
2.953879107232283696e-02 -8.276488155548349379e-01 8.623463169752912383e-02 -3.495191977954629214e-01 2.014193763942032089e-02 2.752761636768263354e-01
2.713994418551911314e-02 -8.110528062719712938e-01 8.251372220517176614e-02 -3.594460311884555281e-01 1.887596346054764077e-02 2.567684995330062891e-01
2.410930088958669615e-02 -8.280809652516477604e-01 7.970507537474560977e-02 -3.567127992485543131e-01 1.948487682033633178e-02 2.587519092281944655e-01
3.328558383208378435e-02 -8.339419756784124393e-01 8.060430752553685019e-02 -3.703317131625664116e-01 1.621652638265046881e-02 2.705873183873198640e-01
3.184329664384477621e-02 -8.426308340738538627e-01 8.673244002212368575e-02 -3.632917536739158626e-01 1.925387942499139776e-02 2.934922830705458119e-01
3.062831642742054605e-02 -8.423638050628454721e-01 8.487575859912145637e-02 -3.583411473906032430e-01 2.513156863540352143e-02 3.064705110031450408e-01
3.660631325210959852e-02 -8.409037657425199042e-01 9.543786113960989193e-02 -3.610764605186009280e-01 2.660620190439547811e-02 2.993055938139468908e-01
3.217592787985224662e-02 -8.444720905102405251e-01 9.530956128671899674e-02 -3.520060875616451979e-01 2.845334441132943079e-02 3.048669606209231109e-01
2.821891969217975304e-02 -8.305142700441249248e-01 8.681178562284794231e-02 -3.462554850187756217e-01 2.589044049911985723e-02 2.992304115497461114e-01
2.635202989151080866e-02 -8.381474546740188547e-01 8.477613505548997619e-02 -3.456664914065870065e-01 2.053831762944291831e-02 2.955344858745912462e-01
2.078573658060143409e-02 -8.212860958582521853e-01 7.337102524674340986e-02 -3.513675038291499964e-01 2.124798537012378280e-02 3.098010271178740505e-01
2.466845156776043338e-02 -8.219841759424727501e-01 8.043027778904809910e-02 -3.584150203561541348e-01 2.037330913354971212e-02 3.087378112526170115e-01
3.607630062649309910e-02 -8.572076688808925038e-01 8.811224630550584802e-02 -3.839756309681580659e-01 2.101491990749167205e-02 3.139588197862944186e-01
3.546912479514902072e-02 -8.373876176857441012e-01 8.684985428741928692e-02 -3.762672676100550784e-01 2.276003875710262692e-02 3.073962390132864986e-01
4.149874360302774345e-02 -8.460722058044910510e-01 9.283587074496757463e-02 -3.669673014897629759e-01 2.102955676242288657e-02 3.014933224711316972e-01
2.440929088636329888e-02 -8.164731741043846913e-01 7.898688887965915617e-02 -3.484051073387272601e-01 1.998271558633927039e-02 2.753722380357365163e-01
1.940962311592242528e-02 -7.988383180633195080e-01 7.327091642629186830e-02 -3.326739081302121370e-01 1.789535387525795912e-02 2.583745544613189615e-01
2.542745511210003223e-02 -8.159801946441812559e-01 7.802069326210792077e-02 -3.452594138653874434e-01 1.816135311478037084e-02 2.707255017473835790e-01
2.237980874344853641e-02 -8.250081832038880236e-01 7.942970752876796214e-02 -3.495752330984146505e-01 2.197392235477699587e-02 2.800279474303365990e-01
3.605652137338496988e-02 -8.498750971600993465e-01 8.350888482463364459e-02 -3.603663961266312943e-01 2.368585050271945075e-02 2.985576475499534532e-01
3.108522299970543565e-02 -8.566384259976445037e-01 8.794466909368105212e-02 -3.612929536161761934e-01 2.938717582704876430e-02 3.225405672198768392e-01
2.528851043683210884e-02 -8.683494219436158623e-01 9.603974169431367391e-02 -3.534667417219969354e-01 3.376915132685241738e-02 3.334745458888449532e-01
