1.000000000000000000e+00 7.200000000000000000e+01
2.000000000000000000e+00 1.020000000000000000e+02
3.000000000000000000e+00 1.630000000000000000e+02
4.000000000000000000e+00 1.850000000000000000e+02
5.000000000000000000e+00 1.090000000000000000e+02
6.000000000000000000e+00 1.450000000000000000e+02
7.000000000000000000e+00 1.530000000000000000e+02
8.000000000000000000e+00 1.250000000000000000e+02
9.000000000000000000e+00 1.170000000000000000e+02
1.000000000000000000e+01 1.350000000000000000e+02
1.100000000000000000e+01 1.000000000000000000e+02
1.200000000000000000e+01 1.540000000000000000e+02
1.300000000000000000e+01 1.100000000000000000e+02
1.400000000000000000e+01 1.230000000000000000e+02
1.500000000000000000e+01 1.580000000000000000e+02
1.600000000000000000e+01 1.120000000000000000e+02
1.700000000000000000e+01 7.000000000000000000e+01
1.800000000000000000e+01 1.030000000000000000e+02
2.000000000000000000e+01 5.800000000000000000e+01
2.100000000000000000e+01 8.600000000000000000e+01
2.300000000000000000e+01 1.250000000000000000e+02
2.400000000000000000e+01 7.900000000000000000e+01
2.500000000000000000e+01 1.480000000000000000e+02
2.600000000000000000e+01 1.380000000000000000e+02
2.700000000000000000e+01 1.570000000000000000e+02
2.800000000000000000e+01 9.000000000000000000e+01
2.900000000000000000e+01 8.700000000000000000e+01
3.000000000000000000e+01 7.800000000000000000e+01
3.100000000000000000e+01 1.420000000000000000e+02
3.200000000000000000e+01 2.270000000000000000e+02
3.300000000000000000e+01 1.240000000000000000e+02
3.400000000000000000e+01 1.080000000000000000e+02
3.500000000000000000e+01 9.400000000000000000e+01
3.600000000000000000e+01 7.700000000000000000e+01
3.700000000000000000e+01 1.240000000000000000e+02
3.800000000000000000e+01 1.200000000000000000e+02
3.900000000000000000e+01 8.700000000000000000e+01
4.100000000000000000e+01 1.100000000000000000e+02
4.200000000000000000e+01 1.190000000000000000e+02
4.300000000000000000e+01 1.210000000000000000e+02
4.400000000000000000e+01 1.340000000000000000e+02
4.500000000000000000e+01 1.110000000000000000e+02
4.600000000000000000e+01 9.000000000000000000e+01
4.700000000000000000e+01 9.600000000000000000e+01
4.800000000000000000e+01 1.070000000000000000e+02
4.900000000000000000e+01 1.100000000000000000e+02
5.000000000000000000e+01 9.000000000000000000e+01
5.100000000000000000e+01 1.020000000000000000e+02
5.200000000000000000e+01 1.510000000000000000e+02
5.300000000000000000e+01 1.280000000000000000e+02
5.400000000000000000e+01 1.200000000000000000e+02
5.500000000000000000e+01 1.340000000000000000e+02
5.600000000000000000e+01 1.600000000000000000e+02
5.700000000000000000e+01 1.290000000000000000e+02
5.800000000000000000e+01 2.010000000000000000e+02
5.900000000000000000e+01 7.800000000000000000e+01
6.000000000000000000e+01 8.200000000000000000e+01
6.100000000000000000e+01 6.700000000000000000e+01
6.300000000000000000e+01 7.400000000000000000e+01
6.400000000000000000e+01 1.960000000000000000e+02
6.600000000000000000e+01 8.500000000000000000e+01
6.700000000000000000e+01 8.400000000000000000e+01
6.800000000000000000e+01 6.200000000000000000e+01
6.900000000000000000e+01 1.540000000000000000e+02
7.000000000000000000e+01 1.880000000000000000e+02
7.100000000000000000e+01 1.950000000000000000e+02
