2.449556177499090381e-01 -8.438648195201494673e-01 4.673865610805023607e-01 -4.084671108753587521e-01 9.087920437623447922e-02 3.673000458840210980e-01
2.168264508118369349e-01 -9.566654501700213586e-01 7.196969837384017410e-01 -4.046913363810786812e-01 1.612493572059133795e-01 4.888895343253448766e-01
7.717295757740316731e-02 -2.666048938510812150e-01 1.964521008313226957e-01 -1.213442657947945286e-01 5.145971314832115118e-02 9.762456160719268361e-02
2.182524313501943425e-01 -7.837887366520135402e-01 3.612515800699611646e-01 -3.774653944385326643e-01 9.871630862250091454e-02 2.547122464494717131e-01
4.520862121786706211e-02 -7.428418830670580064e-01 3.675906495045637712e-01 -3.727172496814477598e-01 1.119227384963885907e-01 2.686585210013146541e-01
1.508429931690358217e-01 -7.715304914136140724e-01 2.470902257526290668e-01 -3.354183588814552142e-01 6.938186481953127760e-02 2.864309763754605553e-01
3.453574676996140624e-02 -5.333491971123294206e-01 1.771762257074556146e-01 -2.463505459673054065e-01 3.388212383711624448e-02 1.374081676673498675e-01
1.076235031047190205e-02 -7.879887535225407191e-01 3.928163290244128802e-01 -3.983541766693232677e-01 1.018185903679545562e-01 2.099170852892524586e-01
-4.123695892380396799e-02 -1.366610860532091465e-02 4.608217672241607943e-01 -7.803508865586009785e-03 7.389942514274493168e-02 -1.721800686393281377e-01
7.674689742634654976e-02 -1.545728111417247419e+00 3.806052843006568764e-02 -8.071571357333739982e-01 1.671085205081957736e-01 5.945588903568032046e-01
-5.641398370460137812e-02 -1.025476618026004871e+00 4.164216182320217285e-01 -4.758802003776064216e-01 1.869791589187756731e-01 2.101458945470656425e-01
-3.166039278724497308e-02 -6.581870789900676755e-01 2.311358284139544139e-01 -3.085776901425108520e-01 1.349361406185885792e-01 1.555588927022626133e-01
-8.602231963405415627e-02 -9.438044960993465793e-01 3.156356574602341425e-01 -4.616874847921081937e-01 1.831440792213921975e-01 3.049933687734747711e-01
-1.131853105120228520e-01 -8.342555789811285649e-01 4.402492218107454391e-01 -4.032113852804719012e-01 1.810434078975033390e-01 3.157038371100483465e-01
-8.599924344386522534e-02 -8.241790705669700401e-01 4.505395646572196711e-01 -3.708530752734887082e-01 2.014087061695045144e-01 3.517162833491367380e-01
-3.517938051422220269e-02 -6.104319087646672415e-01 2.289141038907587244e-01 -1.789858292051035027e-01 1.269511652472949670e-01 4.095095994160363184e-01
-2.979145165522822936e-02 -1.013387130137971326e+00 3.093645930535444677e-01 -4.151759777971250065e-01 1.380846069518948116e-01 4.686316754260710926e-01
1.516180687575570118e-01 -6.793291394114930881e-01 2.315511679167059356e-01 -3.132569539105920509e-01 7.648338025329042000e-02 2.621480314676465362e-01
1.605425529951958197e-01 -1.099986702324031285e+00 2.151737721583231178e-01 -5.444407548687412168e-01 7.043769756612679178e-02 3.154332272662571657e-01
2.126152940751069309e-01 -1.521206364981708248e+00 4.440877129337081897e-01 -8.105381060216513278e-01 6.939378610719883211e-02 3.269489159788417365e-01
9.767249266175781486e-02 -3.581360925570606923e-01 8.695668812779899781e-02 -1.732813716223239042e-01 2.269539007983834705e-02 8.310212540947788107e-02
1.858166004734300714e-01 -9.803822994292659132e-01 3.314872584608963280e-01 -4.855083369882465250e-01 2.144984295483301148e-02 2.180791072711223411e-01
5.391036937319881872e-02 -3.602032287294605339e-01 6.318052742101087915e-01 -1.617231702604341737e-01 1.670815795599228312e-02 -1.140783154117494952e-01
4.043638387294663517e-01 -1.349800585898037752e+00 3.376730574314024125e-02 -7.018913354606931554e-01 3.374735235529401078e-02 6.292682339982997863e-01
1.044098791193732723e-01 -5.545348158905198943e-01 2.606820002857261898e-01 -2.762831590023345218e-01 1.951218304958332248e-02 1.597280795518079277e-01
-3.231394340363635820e-02 -1.014749329118785681e+00 2.022346841402082873e-01 -5.987605557043315097e-01 9.971546572628268990e-02 1.671670612453526883e-01
-9.270119595731785012e-02 -8.063073436487684376e-01 1.618384253889502133e-01 -4.275962378431113486e-01 5.717117761789672348e-02 1.372021147862827195e-01
-1.396599190439644644e-01 -1.244526398249490740e+00 1.504871755686565393e-01 -6.811174548912239946e-01 1.028580669202860814e-01 1.490524463525467191e-01
-2.084993791382032668e-01 -1.188904382093596723e+00 5.941484667866347991e-02 -6.123419770471586476e-01 1.346839255720310990e-01 2.122361958545685989e-01
-4.223739083332134214e-02 -7.657543472639645188e-01 6.220167652905672639e-02 -3.852912434196428260e-01 4.596359294894495490e-02 1.673869858749075790e-01
-6.229460598498803847e-02 -1.051751846241813837e+00 1.307315105404143196e-01 -4.623698911874218331e-01 8.747731270287070759e-02 3.514525971685403261e-01
9.123714250483772048e-02 -1.008252066108980216e+00 6.360946510182685643e-02 -4.624634593109948622e-01 1.825464543272279846e-02 4.004709153090926788e-01
8.267665934965862107e-03 -1.154302699259687870e+00 7.051806908353341896e-02 -4.852867648242049636e-01 -1.320732617324684929e-02 4.867600260434590820e-01
8.553678477619541809e-02 -7.747676821229561028e-01 -1.962494536728343064e-02 -3.203675554034813300e-01 -3.589815148731560768e-02 3.226917422472246333e-01
5.240515414607216371e-02 -1.245639490593475784e+00 -6.389292460710649380e-02 -5.498395041486539014e-01 -4.404218025471122455e-02 4.057441623288388644e-01
-9.214005534533953323e-02 -9.857546162929793354e-01 9.936770745067491362e-03 -4.314659942508453638e-01 -2.604383964529440390e-02 1.655855951770481282e-01
-2.050277075926487669e-02 -1.337030322857799547e+00 2.807291944025891439e-02 -6.475019441983339563e-01 2.046301123109332126e-02 2.719895015883700973e-01
-1.115958165776191890e-01 -2.051799476406131362e+00 1.791883282983484094e-01 -1.164444192544656698e+00 1.066315772149809965e-01 1.205790824968922953e-01
-1.418274989283077048e-01 -1.101380150723343831e+00 1.640323023309022687e-01 -7.163286175420463531e-01 1.047318097318381269e-01 -7.292996160842442344e-02
-4.043645143427738731e-01 -2.431416504492517561e+00 9.420225089309113287e-01 -1.394289744436306711e+00 5.152911932482094892e-01 -4.851297868258658968e-02
-5.225722136111699001e-01 -1.496419883768339787e+00 2.239426474438630521e-01 -8.594055389431859426e-01 3.412030464706892752e-01 2.093054304137338395e-01
1.395856880715200532e-01 -1.744379128658692935e-01 -2.099212364544627007e-01 -4.228363122565029913e-02 -2.300445416073124139e-01 3.283344401329614803e-01
-1.984391785096022431e-01 -8.373016830248616316e-01 2.869704108241961649e-01 -3.353786599821101388e-01 1.321938988069669974e-01 2.687292662986989766e-01
-1.701306427589770465e-01 -9.903609675577627058e-01 2.533489158475390468e-01 -3.676014015822137160e-01 1.980958751906114479e-01 5.296004419152032794e-01
9.200865285720283282e-03 -6.682469931733976409e-01 2.499721090768076692e-01 -2.476931975250637463e-01 9.299897546565301376e-02 2.697839212013932730e-01
-1.229775629704477069e-01 -1.115047306786209447e+00 3.039212421156776145e-01 -5.227250271773487000e-01 1.378213615409182580e-01 2.836129286434151409e-01
-5.273761685219824358e-02 -1.650545569222913400e+00 4.306038269826757414e-01 -8.155415093451844344e-01 2.296249386054664554e-01 4.217037702604892191e-01
-3.250352877910245297e-02 -4.455568568926082662e-01 1.373983746559446217e-01 -2.406666450926921719e-01 7.933677794340673883e-02 6.866384289116882200e-02
-4.907362343766408230e-02 -1.257350122199568432e+00 3.425776107800686532e-01 -5.997393886287727405e-01 1.822897695604698276e-01 3.147602946728495499e-01
-2.280832442755809097e-02 -1.068294656224225037e+00 2.942724017387092772e-01 -4.238401534565874873e-01 1.786166819092033509e-01 4.045377090447144774e-01
-4.826360452000244550e-03 -8.753707049070271751e-01 1.943087663856886138e-01 -2.370916932226251883e-01 1.272115903078722410e-01 5.954545180385334424e-01
-1.523476020571479239e-02 -5.032340788056899328e-01 9.633330212867008413e-02 -1.415687637871928528e-01 5.674330955396874460e-02 3.722243158687950082e-01
-9.275036616259058064e-03 -7.442499526507617702e-01 2.883049868707416863e-01 -4.668681595666138856e-02 6.351141282447925196e-02 8.622056229911121417e-01
-1.027055948050588086e-01 -8.675624678246549593e-01 1.338085692973720597e-01 -1.674678436492796907e-01 4.481193424898095162e-02 7.359878030366574508e-01
4.853877155255759135e-03 -6.371111893986380892e-01 1.067645108221029204e-01 -1.429811127474441834e-01 5.311185716425460140e-02 4.931020385124333938e-01
-5.869814071945711476e-02 -1.332672883484519843e+00 1.263204812677543032e-01 -1.690828670992332028e-01 7.296861439708277053e-02 9.431061168527433702e-01
4.968361108296903694e-03 -3.163622247091097961e-01 3.173044045419715076e-02 -7.328564502368878353e-02 2.215982568727444674e-02 2.348794666651071728e-01
1.215693615719715126e-01 -9.039452435115435946e-01 -7.783490983439378397e-02 -7.034390779585228404e-02 3.469721422869713467e-02 7.234460584699563546e-01
-1.737905132176820189e-02 -7.561695376587067585e-01 8.194646132153593499e-04 1.241922337037766472e-01 -6.261518144438435809e-03 8.847792176463747937e-01
1.217769442387748313e-01 -6.379305434140860598e-01 -1.771876092607840292e-01 5.387562520876421068e-02 -5.821844117667979851e-02 7.654518331448959545e-01
9.314449945168234990e-02 -4.193288447834220278e-01 -1.065272228824483136e-01 -2.543875518209581799e-02 -8.406723018988572493e-02 4.100556009771613164e-01
1.939382113106944416e-01 -8.617584986882320663e-01 -1.426250437151566075e-01 -1.716687063845709627e-01 -1.329529567873067863e-01 3.966130170181990100e-01
2.686568581068513595e-01 -9.338720706450658327e-01 -1.485651499448010782e-01 -4.258718233465640379e-01 -1.295953603192566972e-01 2.115469728758261614e-01
1.649707849452966002e-01 -7.163218937657802599e-01 -8.175903978408882722e-02 -3.494641283559007383e-01 -5.950076086436671685e-02 9.150049256575794321e-02
2.059966231868770592e-01 -9.257520208059304423e-01 1.733603265817578176e-01 -3.007891363708651844e-01 -7.101657927420024219e-02 2.356962543321012085e-03
8.406573901652336644e-02 -1.004234755170045901e+00 -5.043892567351804246e-02 -5.157891618249179633e-01 -2.921938467203319227e-03 5.471383446898171465e-01
1.529387287860117794e-01 -5.137693785532064794e-01 9.210289418717820809e-03 -1.786436417658388009e-01 -2.191429245585764518e-02 3.589124578191069115e-01
3.741805788683905121e-02 -8.863553757457793836e-01 6.747198326709735738e-02 -3.196178523266655636e-01 -2.249944886208053371e-02 3.403566150824281489e-01
1.864548436653876706e-01 -7.883638189753128245e-01 -3.928077353273806693e-02 -3.009298911559571410e-01 -3.750948008347684132e-02 3.474028675778588204e-01
2.559481309742750454e-02 -5.342527970171886409e-01 -7.058174741169409572e-02 -1.609488562018698832e-01 -2.438700387939723296e-02 3.843386708821619480e-01
2.993753591805443648e-01 -1.593445035250624642e+00 -6.731882116903875612e-02 -7.189907699317532597e-01 -9.722302805243956958e-02 4.344635478170810750e-01
1.418700365153426901e-01 -2.332301299009031936e-01 6.614949226332100807e-02 -1.025615808503928389e-01 -4.394087586413780722e-02 1.237752731830347452e-01
2.483037751695746920e-01 -5.649645868361403700e-01 9.969665189012744122e-02 -1.912162201812857565e-01 -8.439982997640992080e-02 2.400012772032677211e-01
5.109750095994058938e-01 -1.107511849926368086e+00 4.277798904391261203e-02 -5.030597074559114423e-01 -1.615959590596279805e-01 3.933671698331113187e-01
3.608914050136036167e-01 -5.845674848012549774e-01 9.809090365430961356e-02 -3.045358139466966541e-01 -9.563070291426191416e-02 1.911123660637843447e-01
1.351881500861509267e-01 -6.079616602180522023e-01 7.916402553837542655e-02 -3.510980956499647476e-01 -5.527246848003476015e-02 2.724882173634818328e-01
1.194776555818179986e-01 -1.141189149816909776e+00 1.958616812506193128e-01 -5.774439855014309453e-01 1.774293581169377257e-02 3.949265919955196602e-01
8.046145089633682801e-02 -1.233971196114794111e+00 2.155885966868709147e-01 -5.898659599772493323e-01 7.814617163835529956e-02 5.014325292318336791e-01
3.500653716196211462e-02 -7.939963521210984254e-01 1.647708345031446697e-01 -3.567645547820381680e-01 8.757568117271614938e-02 3.203604488835158359e-01
1.363540466479662427e-02 -1.150274117926869621e+00 3.089287091262917784e-01 -4.498973190556169177e-01 1.088456614969224578e-01 4.794234388146163539e-01
9.905279443285053276e-02 -1.050499865289111767e+00 2.260003723496879502e-01 -4.170025975528132145e-01 5.512440231954938985e-02 4.216209915560088506e-01
8.540698102206079056e-02 -6.458035323174726727e-01 1.915718169855722408e-01 -2.332983115051425194e-01 4.323880987912533114e-02 2.978651394623765269e-01
1.137686085818359061e-01 -1.248087403872887080e+00 1.809857185884311548e-01 -4.804476944474326827e-01 9.905813976135816046e-02 6.172656212506469897e-01
3.375283019079233782e-02 -6.177999650375340934e-01 1.166692872287740101e-01 -2.579113816499316036e-01 4.431744376345410352e-02 2.464623093544172916e-01
8.492982294978901336e-02 -5.931227254810664817e-01 3.920084672267876158e-02 -2.626460032118418941e-01 5.674426680827095865e-02 1.996151605274741614e-01
1.676662177084153882e-01 -8.123246219469137941e-01 1.759978857536452779e-01 -2.781043141847354683e-01 1.172348656004147671e-02 4.775213483178019636e-01
2.388593500659226265e-01 -9.536198681757923623e-01 9.568634353195193398e-02 -4.052765405762906448e-01 5.654925409547286591e-03 4.510329374238529754e-01
1.835119393906552432e-01 -6.272765473510162337e-01 -4.074961043556868390e-03 -2.836388306205285259e-01 -1.732589441107789535e-02 2.896411403134258600e-01
3.792243567414743666e-01 -1.036793705874401894e+00 5.378180385832820321e-03 -5.000889933396308606e-01 -4.623709423025307297e-02 4.458393684084256403e-01
1.545104792430720408e-01 -1.272720562887002416e+00 1.034537398220436444e-01 -6.353148800734131907e-01 -6.992883544384495553e-02 1.365785009092153057e-01
2.165481723055791008e-01 -6.615692009058875556e-01 2.458232148245542703e-02 -2.913282739641893659e-01 -4.163707676336179941e-02 2.682737704119136923e-01
4.494167924372050038e-01 -1.391613018655561973e+00 1.183979771495842215e-01 -5.818593390285805578e-01 -1.447070740536414712e-01 5.130987179351300664e-01
2.596979345939871564e-01 -5.836193693723998877e-01 -1.026567303819092558e-02 -3.321554281043381796e-01 -7.324410873021379442e-02 1.915364571259567661e-01
1.401040678057370314e-01 -6.169496592953009895e-01 7.675434047956741779e-02 -2.587005318811933519e-01 -6.019060485663838694e-02 2.857438011052619853e-01
3.165761142582823595e-01 -1.012139785117369684e+00 7.897256340157809973e-02 -5.088556331873252958e-01 -7.518580210586292556e-02 2.934922767290863987e-01
2.079068631207974249e-01 -1.037796980746634290e+00 -2.167162305909187126e-03 -4.093339294100983294e-01 -1.655360303161861057e-02 5.275062313806667680e-01
1.233811107625797376e-01 -7.658715791134227402e-01 3.470354492765181931e-02 -3.559502084967419711e-01 -3.403195798413792550e-02 1.450730610455401859e-01
2.718215260989609305e-01 -1.092763797248153423e+00 6.167036826019511864e-02 -5.572588903203756772e-01 -4.682916063779254956e-02 2.120759889409623566e-01
4.248415056779322185e-01 -5.842890834434228964e-01 1.473223407981549826e-02 -1.009897669243722262e-01 -9.139877037894851564e-02 3.838082103504071585e-02
3.770265932269012410e-02 -9.295491819377730280e-01 1.537399370193952564e-01 -5.987148107970424737e-01 -1.414442747660876049e-02 5.708400449730848258e-01
2.626396219168327661e-01 -1.252285467229853566e+00 2.778308836865903686e-01 -5.801590255833936061e-01 -2.899848965034651158e-02 4.526172050354580478e-01
1.778088976617482331e-01 -6.322620304989641227e-01 7.262716114667000511e-02 -2.772002827516252266e-01 -6.249902679362246902e-03 4.066386946116393730e-01
1.424939699031710916e-01 -7.766448857764771674e-01 6.571425413045517416e-02 -4.329162220182445342e-01 -1.378883816760869546e-02 2.801908243278211641e-01
2.768337071632913649e-01 -1.520087082179770732e+00 6.517233479678452568e-02 -8.105063938647480981e-01 -7.180821728575264781e-03 2.659409829281331183e-01
3.695340891651994752e-01 -1.314666579688719139e+00 8.633962861273403178e-02 -6.696558122979935357e-01 -5.915011283740828629e-02 2.017440101423892129e-01
1.844452078555605112e-01 -8.452011341034904035e-01 1.256619649566346197e-01 -4.656970523682164576e-01 -3.762020674847298823e-02 -1.806042836155036593e-02
1.639975990555058161e-01 -6.971997416625299593e-01 1.920012238399522175e-01 -2.263967184939205124e-01 -1.355689659316678536e-02 -4.284238800568666156e-02
3.274463332305685981e-01 -1.724574583487310520e-01 1.586530793652514149e-01 -3.876975849829242260e-02 2.721682237185052422e-02 2.060657400827442184e-02
-3.702175072635327524e-02 3.405423351694025769e-02 8.249541621842126915e-02 -3.869356488145011402e-03 8.032335762975212345e-02 -1.454905309612470991e-02
7.685334523898745829e-03 2.465416596236309488e-01 5.536986117641617966e-02 9.482373166667958098e-02 4.181735171082658076e-02 -1.328325811072218754e-02
7.045382426065316395e-02 1.297740940003677679e-01 3.995590574885454771e-02 -1.057309757209038553e-02 8.723527869183816518e-04 -1.691788953762369749e-02
6.634782711159914470e-02 -5.475302373042723048e-03 2.138084117751759550e-02 -5.386695034905174956e-02 -2.330933378497172109e-02 -1.129265879937271615e-02
1.080860439845992005e-01 -9.304534998591407202e-03 1.713074213110417077e-01 -8.875815288109001333e-02 -4.348655085980645402e-02 -4.489799744008865501e-02
7.047308238952609827e-03 2.152579938003782445e-01 1.291704645165623333e-01 5.575809283177668441e-02 3.318061184143085429e-02 -9.830303886118560777e-03
-2.383059916382990195e-03 2.147341639391697754e-01 7.953402004056897567e-02 9.319066272460486966e-02 2.252684606397165404e-02 -1.878540810842139683e-02
2.820654152856150176e-03 3.634736230577573224e-01 9.948036561127082678e-04 1.441823892703785748e-01 3.129317385109359195e-02 -8.467086177268689715e-03
