0.000000000000000000e+00 0.000000000000000000e+00 -1.292333221435546875e+01 -3.338758945465087891e+00 -2.384174041748046875e+02 1.275739967823028564e-01 3.953250050544738770e-01 -1.989009976387023926e-01 8.876270055770874023e-01
0.000000000000000000e+00 0.000000000000000000e+00 -1.228389072418212891e+01 -3.080163002014160156e+00 -2.386573791503906250e+02 1.275780051946640015e-01 3.950810134410858154e-01 -2.017090022563934326e-01 8.871009945869445801e-01
0.000000000000000000e+00 0.000000000000000000e+00 -1.205417919158935547e+01 -2.891021013259887695e+00 -2.387073974609375000e+02 1.275759935379028320e-01 3.950330018997192383e-01 -2.034029960632324219e-01 8.867359757423400879e-01
0.000000000000000000e+00 0.000000000000000000e+00 -1.185477542877197266e+01 -2.442420005798339844e+00 -2.387072753906250000e+02 1.278810054063796997e-01 3.945980072021484375e-01 -2.061119973659515381e-01 8.862599730491638184e-01
0.000000000000000000e+00 0.000000000000000000e+00 -1.173503875732421875e+01 -2.183248043060302734e+00 -2.387772216796875000e+02 1.282750070095062256e-01 3.943449854850769043e-01 -2.075980007648468018e-01 8.859689831733703613e-01
0.000000000000000000e+00 0.000000000000000000e+00 -1.151575183868408203e+01 -1.754924058914184570e+00 -2.388571777343750000e+02 1.272840052843093872e-01 3.942039906978607178e-01 -2.113180011510848999e-01 8.852949738502502441e-01
0.000000000000000000e+00 0.000000000000000000e+00 -1.127645492553710938e+01 -1.416635036468505859e+00 -2.388771667480468750e+02 1.261910051107406616e-01 3.941490054130554199e-01 -2.151339948177337646e-01 8.845559954643249512e-01
0.000000000000000000e+00 0.000000000000000000e+00 -1.063759613037109375e+01 -4.694220125675201416e-01 -2.389668579101562500e+02 1.302749961614608765e-01 3.926100134849548340e-01 -2.192970067262649536e-01 8.836259841918945312e-01
0.000000000000000000e+00 0.000000000000000000e+00 -9.659549713134765625e+00 1.875815987586975098e+00 -2.391852416992187500e+02 1.382330060005187988e-01 3.878790140151977539e-01 -2.259889990091323853e-01 8.828200101852416992e-01
0.000000000000000000e+00 0.000000000000000000e+00 -9.160399436950683594e+00 2.543906927108764648e+00 -2.391748657226562500e+02 1.404220014810562134e-01 3.865939974784851074e-01 -2.290659993886947632e-01 8.822439908981323242e-01
0.000000000000000000e+00 0.000000000000000000e+00 -8.901172637939453125e+00 2.402455091476440430e+00 -2.390556488037109375e+02 1.390399932861328125e-01 3.879530131816864014e-01 -2.326190024614334106e-01 8.809360265731811523e-01
0.000000000000000000e+00 0.000000000000000000e+00 -7.933450222015380859e+00 3.817789077758789062e+00 -2.388459320068359375e+02 1.424320042133331299e-01 3.871459960937500000e-01 -2.410230040550231934e-01 8.784869909286499023e-01
0.000000000000000000e+00 0.000000000000000000e+00 -7.704044818878173828e+00 4.186604022979736328e+00 -2.388060607910156250e+02 1.431310027837753296e-01 3.870919942855834961e-01 -2.432270050048828125e-01 8.777890205383300781e-01
0.000000000000000000e+00 0.000000000000000000e+00 -6.995955944061279297e+00 5.393031120300292969e+00 -2.385467376708984375e+02 1.455309987068176270e-01 3.872390091419219971e-01 -2.498539984226226807e-01 8.754649758338928223e-01
0.000000000000000000e+00 0.000000000000000000e+00 -6.257775783538818359e+00 6.609672069549560547e+00 -2.384271392822265625e+02 1.484239995479583740e-01 3.868840038776397705e-01 -2.558639943599700928e-01 8.733980059623718262e-01
0.000000000000000000e+00 0.000000000000000000e+00 -5.609723091125488281e+00 7.766265869140625000e+00 -2.382076416015625000e+02 1.494279950857162476e-01 3.870509862899780273e-01 -2.627019882202148438e-01 8.711209893226623535e-01
0.000000000000000000e+00 0.000000000000000000e+00 -5.111053943634033203e+00 8.513913154602050781e+00 -2.380081329345703125e+02 1.501259952783584595e-01 3.874369859695434570e-01 -2.674190104007720947e-01 8.693919777870178223e-01
0.000000000000000000e+00 0.000000000000000000e+00 -4.383121967315673828e+00 9.710532188415527344e+00 -2.376889953613281250e+02 1.521250009536743164e-01 3.879860043525695801e-01 -2.739579975605010986e-01 8.667590022087097168e-01
0.000000000000000000e+00 0.000000000000000000e+00 -3.555398941040039062e+00 1.098697471618652344e+01 -2.372300262451171875e+02 1.548240035772323608e-01 3.886240124702453613e-01 -2.807019948959350586e-01 8.638330101966857910e-01
0.000000000000000000e+00 0.000000000000000000e+00 -2.996748924255371094e+00 1.184492874145507812e+01 -2.370005950927734375e+02 1.572189927101135254e-01 3.887250125408172607e-01 -2.843199968338012695e-01 8.621699810028076172e-01
0.000000000000000000e+00 0.000000000000000000e+00 -1.869781970977783203e+00 1.354042816162109375e+01 -2.365019683837890625e+02 1.603139936923980713e-01 3.897080123424530029e-01 -2.930760085582733154e-01 8.582149744033813477e-01
0.000000000000000000e+00 0.000000000000000000e+00 -1.281540989875793457e+00 1.440794086456298828e+01 -2.361727447509765625e+02 1.622110009193420410e-01 3.901920020580291748e-01 -2.979109883308410645e-01 8.559709787368774414e-01
0.000000000000000000e+00 0.000000000000000000e+00 -6.531950235366821289e-01 1.535561656951904297e+01 -2.358535003662109375e+02 1.649000048637390137e-01 3.904660046100616455e-01 -3.021279871463775635e-01 8.538519740104675293e-01
0.000000000000000000e+00 0.000000000000000000e+00 1.022814989089965820e+00 1.839063072204589844e+01 -2.344466857910156250e+02 1.725900024175643921e-01 3.930810093879699707e-01 -3.109210133552551270e-01 8.479549884796142578e-01
0.000000000000000000e+00 0.000000000000000000e+00 1.850242018699645996e+00 1.966734695434570312e+01 -2.340278320312500000e+02 1.745830029249191284e-01 3.940190076828002930e-01 -3.176740109920501709e-01 8.446019887924194336e-01
0.000000000000000000e+00 0.000000000000000000e+00 2.358572006225585938e+00 2.046524810791015625e+01 -2.337684478759765625e+02 1.761759966611862183e-01 3.943139910697937012e-01 -3.219009935855865479e-01 8.425310254096984863e-01
0.000000000000000000e+00 0.000000000000000000e+00 2.467000961303710938e+00 2.024312591552734375e+01 -2.339981536865234375e+02 1.751710027456283569e-01 3.938370048999786377e-01 -3.269230127334594727e-01 8.410289883613586426e-01
0.000000000000000000e+00 0.000000000000000000e+00 3.035386085510253906e+00 2.108120918273925781e+01 -2.337387847900390625e+02 1.775609999895095825e-01 3.939360082149505615e-01 -3.305450081825256348e-01 8.390629887580871582e-01
0.000000000000000000e+00 0.000000000000000000e+00 3.962613105773925781e+00 2.237790679931640625e+01 -2.333196868896484375e+02 1.814370006322860718e-01 3.938499987125396729e-01 -3.368659913539886475e-01 8.357539772987365723e-01
0.000000000000000000e+00 0.000000000000000000e+00 6.397027015686035156e+00 2.592165374755859375e+01 -2.323014526367187500e+02 1.906840056180953979e-01 3.929939866065979004e-01 -3.485040068626403809e-01 8.293009996414184570e-01
0.000000000000000000e+00 0.000000000000000000e+00 6.585803031921386719e+00 2.648048591613769531e+01 -2.320924224853515625e+02 1.917839944362640381e-01 3.941290080547332764e-01 -3.510479927062988281e-01 8.274329900741577148e-01
0.000000000000000000e+00 0.000000000000000000e+00 7.832585811614990234e+00 2.788717269897460938e+01 -2.314038696289062500e+02 1.959580034017562866e-01 3.947289884090423584e-01 -3.576900064945220947e-01 8.233150243759155273e-01
0.000000000000000000e+00 0.000000000000000000e+00 8.709923744201660156e+00 2.900462532043457031e+01 -2.307754669189453125e+02 1.989420056343078613e-01 3.960700035095214844e-01 -3.630450069904327393e-01 8.196030259132385254e-01
0.000000000000000000e+00 0.000000000000000000e+00 8.978011131286621094e+00 2.885263061523437500e+01 -2.307954406738281250e+02 1.967460066080093384e-01 3.965109884738922119e-01 -3.685080111026763916e-01 8.174790143966674805e-01
0.000000000000000000e+00 0.000000000000000000e+00 9.207545280456542969e+00 2.913225746154785156e+01 -2.305860595703125000e+02 1.969459950923919678e-01 3.974800109863281250e-01 -3.694300055503845215e-01 8.165429830551147461e-01
0.000000000000000000e+00 0.000000000000000000e+00 9.915282249450683594e+00 3.049114227294921875e+01 -2.288009185791015625e+02 1.995739936828613281e-01 4.047659933567047119e-01 -3.723179996013641357e-01 8.109959959983825684e-01
0.000000000000000000e+00 0.000000000000000000e+00 1.092331600189208984e+01 3.127943420410156250e+01 -2.283319091796875000e+02 2.022610008716583252e-01 4.052630066871643066e-01 -3.758580088615417480e-01 8.084449768066406250e-01
0.000000000000000000e+00 0.000000000000000000e+00 1.072246646881103516e+01 3.083826446533203125e+01 -2.288408813476562500e+02 2.015430033206939697e-01 4.036149978637695312e-01 -3.786289989948272705e-01 8.081550002098083496e-01
0.000000000000000000e+00 0.000000000000000000e+00 1.207943725585937500e+01 3.259586715698242188e+01 -2.278530578613281250e+02 2.068209946155548096e-01 4.050419926643371582e-01 -3.833929896354675293e-01 8.038510084152221680e-01
0.000000000000000000e+00 0.000000000000000000e+00 1.219878482818603516e+01 3.236519622802734375e+01 -2.280428619384765625e+02 2.068160027265548706e-01 4.046159982681274414e-01 -3.849990069866180420e-01 8.032990097999572754e-01
0.000000000000000000e+00 0.000000000000000000e+00 1.250778102874755859e+01 3.277433395385742188e+01 -2.278633575439453125e+02 2.071090042591094971e-01 4.052610099315643311e-01 -3.871200084686279297e-01 8.018770217895507812e-01
0.000000000000000000e+00 0.000000000000000000e+00 1.290646457672119141e+01 3.328326416015625000e+01 -2.275938568115234375e+02 2.093989998102188110e-01 4.050970077514648438e-01 -3.892419934272766113e-01 8.003370165824890137e-01
0.000000000000000000e+00 0.000000000000000000e+00 1.345535945892333984e+01 3.381237411499023438e+01 -2.274445037841796875e+02 2.118819952011108398e-01 4.051209986209869385e-01 -3.908439874649047852e-01 7.988889813423156738e-01
0.000000000000000000e+00 0.000000000000000000e+00 1.389438056945800781e+01 3.416152191162109375e+01 -2.273647918701171875e+02 2.145600020885467529e-01 4.044480025768280029e-01 -3.922280073165893555e-01 7.978370189666748047e-01
0.000000000000000000e+00 0.000000000000000000e+00 1.447185611724853516e+01 3.485931015014648438e+01 -2.271950988769531250e+02 2.166350036859512329e-01 4.038240015506744385e-01 -3.972519934177398682e-01 7.951020002365112305e-01
0.000000000000000000e+00 0.000000000000000000e+00 1.516002464294433594e+01 3.546764755249023438e+01 -2.271950836181640625e+02 2.206960022449493408e-01 4.019030034542083740e-01 -4.002189934253692627e-01 7.934690117835998535e-01
0.000000000000000000e+00 0.000000000000000000e+00 1.798575019836425781e+01 3.790314102172851562e+01 -2.276621246337890625e+02 2.281800061464309692e-01 3.928369879722595215e-01 -4.086509943008422852e-01 7.915909886360168457e-01
0.000000000000000000e+00 0.000000000000000000e+00 1.966103744506835938e+01 3.924916458129882812e+01 -2.276517639160156250e+02 2.288359999656677246e-01 3.912400007247924805e-01 -4.188010096549987793e-01 7.868750095367431641e-01
0.000000000000000000e+00 0.000000000000000000e+00 2.094836807250976562e+01 4.015658569335937500e+01 -2.281800689697265625e+02 2.338570058345794678e-01 3.855690062046051025e-01 -4.235860109329223633e-01 7.856349945068359375e-01
0.000000000000000000e+00 0.000000000000000000e+00 2.217568588256835938e+01 4.114403152465820312e+01 -2.287879028320312500e+02 2.389779984951019287e-01 3.789179921150207520e-01 -4.282689988613128662e-01 7.847909927368164062e-01
0.000000000000000000e+00 0.000000000000000000e+00 2.318248367309570312e+01 4.215129852294921875e+01 -2.293162841796875000e+02 2.409210056066513062e-01 3.745779991149902344e-01 -4.347290098667144775e-01 7.827259898185729980e-01
0.000000000000000000e+00 0.000000000000000000e+00 2.399017906188964844e+01 4.292958450317382812e+01 -2.291965637207031250e+02 2.400960028171539307e-01 3.751679956912994385e-01 -4.397569894790649414e-01 7.798820137977600098e-01
0.000000000000000000e+00 0.000000000000000000e+00 2.467845153808593750e+01 4.337837982177734375e+01 -2.290965576171875000e+02 2.404849976301193237e-01 3.747090101242065430e-01 -4.430899918079376221e-01 7.780950069427490234e-01
0.000000000000000000e+00 0.000000000000000000e+00 2.459566307067871094e+01 4.302648544311523438e+01 -2.293970336914062500e+02 2.383739948272705078e-01 3.762089908123016357e-01 -4.492700099945068359e-01 7.744680047035217285e-01
0.000000000000000000e+00 0.000000000000000000e+00 2.571191787719726562e+01 4.389399719238281250e+01 -2.291273956298828125e+02 2.405280023813247681e-01 3.753449916839599609e-01 -4.559060037136077881e-01 7.703329920768737793e-01
0.000000000000000000e+00 0.000000000000000000e+00 2.828768157958984375e+01 4.608127212524414062e+01 -2.284677429199218750e+02 2.468470036983489990e-01 3.723230063915252686e-01 -4.620789885520935059e-01 7.661100029945373535e-01
0.000000000000000000e+00 0.000000000000000000e+00 3.003325653076171875e+01 4.714849090576171875e+01 -2.281276855468750000e+02 2.527660131454467773e-01 3.686130046844482422e-01 -4.686560034751892090e-01 7.619680166244506836e-01
0.000000000000000000e+00 0.000000000000000000e+00 3.078081893920898438e+01 4.763705825805664062e+01 -2.279678649902343750e+02 2.543359994888305664e-01 3.678149878978729248e-01 -4.726819992065429688e-01 7.593399882316589355e-01
0.000000000000000000e+00 0.000000000000000000e+00 3.189767837524414062e+01 4.846524047851562500e+01 -2.278881988525390625e+02 2.564899921417236328e-01 3.668749928474426270e-01 -4.778009951114654541e-01 7.558590173721313477e-01
0.000000000000000000e+00 0.000000000000000000e+00 3.168574714660644531e+01 4.810415649414062500e+01 -2.282982177734375000e+02 2.567729949951171875e-01 3.665109872817993164e-01 -4.812369942665100098e-01 7.537559866905212402e-01
0.000000000000000000e+00 0.000000000000000000e+00 3.272320938110351562e+01 4.878262329101562500e+01 -2.282581024169921875e+02 2.593159973621368408e-01 3.645760118961334229e-01 -4.852020144462585449e-01 7.512779831886291504e-01
0.000000000000000000e+00 0.000000000000000000e+00 3.341101074218750000e+01 4.917137908935546875e+01 -2.282679138183593750e+02 2.599869966506958008e-01 3.635930120944976807e-01 -4.890199899673461914e-01 7.490440011024475098e-01
0.000000000000000000e+00 0.000000000000000000e+00 3.458715820312500000e+01 4.985926818847656250e+01 -2.282776489257812500e+02 2.617320120334625244e-01 3.616439998149871826e-01 -4.954429864883422852e-01 7.451480031013488770e-01
0.000000000000000000e+00 0.000000000000000000e+00 3.762138748168945312e+01 5.175622558593750000e+01 -2.276372528076171875e+02 2.675180137157440186e-01 3.568870127201080322e-01 -5.039110183715820312e-01 7.396889925003051758e-01
0.000000000000000000e+00 0.000000000000000000e+00 3.869822692871093750e+01 5.243467712402343750e+01 -2.275672149658203125e+02 2.703610062599182129e-01 3.547529876232147217e-01 -5.085089802742004395e-01 7.365279793739318848e-01
0.000000000000000000e+00 0.000000000000000000e+00 4.085299301147460938e+01 5.346217346191406250e+01 -2.273569030761718750e+02 2.765499949455261230e-01 3.498210012912750244e-01 -5.155689716339111328e-01 7.316650152206420898e-01
0.000000000000000000e+00 0.000000000000000000e+00 4.179053497314453125e+01 5.377096176147460938e+01 -2.274063873291015625e+02 2.787939906120300293e-01 3.471139967441558838e-01 -5.191379785537719727e-01 7.295759916305541992e-01
0.000000000000000000e+00 0.000000000000000000e+00 4.092035675048828125e+01 5.333100128173828125e+01 -2.277770538330078125e+02 2.776089906692504883e-01 3.491159975528717041e-01 -5.196880102157592773e-01 7.286810278892517090e-01
0.000000000000000000e+00 0.000000000000000000e+00 4.206689453125000000e+01 5.386950683593750000e+01 -2.277470092773437500e+02 2.790600061416625977e-01 3.476909995079040527e-01 -5.250200033187866211e-01 7.249760031700134277e-01
0.000000000000000000e+00 0.000000000000000000e+00 4.329354476928710938e+01 5.445806884765625000e+01 -2.276867828369140625e+02 2.818950116634368896e-01 3.450550138950347900e-01 -5.297120213508605957e-01 7.217190265655517578e-01
0.000000000000000000e+00 0.000000000000000000e+00 4.405117797851562500e+01 5.477706146240234375e+01 -2.276066894531250000e+02 2.836439907550811768e-01 3.434520065784454346e-01 -5.330989956855773926e-01 7.192999720573425293e-01
0.000000000000000000e+00 0.000000000000000000e+00 4.522798919677734375e+01 5.532581710815429688e+01 -2.274666595458984375e+02 2.857890129089355469e-01 3.416289985179901123e-01 -5.376099944114685059e-01 7.159529924392700195e-01
0.000000000000000000e+00 0.000000000000000000e+00 4.654438781738281250e+01 5.593445587158203125e+01 -2.274066925048828125e+02 2.886199951171875000e-01 3.393839895725250244e-01 -5.425109863281250000e-01 7.121790051460266113e-01
0.000000000000000000e+00 0.000000000000000000e+00 4.727138137817382812e+01 5.621337127685546875e+01 -2.274267272949218750e+02 2.891759872436523438e-01 3.386789858341217041e-01 -5.471450090408325195e-01 7.087349891662597656e-01
0.000000000000000000e+00 0.000000000000000000e+00 5.049530792236328125e+01 5.760103988647460938e+01 -2.272350616455078125e+02 2.932490110397338867e-01 3.318600058555603027e-01 -5.557079911231994629e-01 7.036070227622985840e-01
0.000000000000000000e+00 0.000000000000000000e+00 4.984426498413085938e+01 5.735081100463867188e+01 -2.276258087158203125e+02 2.944320142269134521e-01 3.324109911918640137e-01 -5.568249821662902832e-01 7.019670009613037109e-01
0.000000000000000000e+00 0.000000000000000000e+00 5.075134277343750000e+01 5.768977737426757812e+01 -2.276455230712890625e+02 2.952699959278106689e-01 3.308930099010467529e-01 -5.612159967422485352e-01 6.988289952278137207e-01
0.000000000000000000e+00 0.000000000000000000e+00 5.370562362670898438e+01 5.914800643920898438e+01 -2.272750549316406250e+02 3.016380071640014648e-01 3.247660100460052490e-01 -5.679720044136047363e-01 6.935049891471862793e-01
0.000000000000000000e+00 0.000000000000000000e+00 5.457262802124023438e+01 5.951713562011718750e+01 -2.269749145507812500e+02 3.017930090427398682e-01 3.239690065383911133e-01 -5.725079774856567383e-01 6.900720000267028809e-01
0.000000000000000000e+00 0.000000000000000000e+00 5.522050476074218750e+01 5.981656265258789062e+01 -2.270348052978515625e+02 3.023619949817657471e-01 3.230040073394775391e-01 -5.755349993705749512e-01 6.877530217170715332e-01
0.000000000000000000e+00 0.000000000000000000e+00 5.497815322875976562e+01 5.962592697143554688e+01 -2.275749969482421875e+02 3.008340001106262207e-01 3.242270052433013916e-01 -5.795869827270507812e-01 6.844379901885986328e-01
0.000000000000000000e+00 0.000000000000000000e+00 5.592484283447265625e+01 6.013509368896484375e+01 -2.275348510742187500e+02 3.017820119857788086e-01 3.228209912776947021e-01 -5.842229723930358887e-01 6.807330250740051270e-01
0.000000000000000000e+00 0.000000000000000000e+00 5.655224990844726562e+01 6.042448043823242188e+01 -2.275647277832031250e+02 3.020479977130889893e-01 3.220469951629638672e-01 -5.879709720611572266e-01 6.777480244636535645e-01
0.000000000000000000e+00 0.000000000000000000e+00 5.933562088012695312e+01 6.176292800903320312e+01 -2.269842529296875000e+02 3.053149878978729248e-01 3.178130090236663818e-01 -5.966839790344238281e-01 6.706309914588928223e-01
0.000000000000000000e+00 0.000000000000000000e+00 6.031265258789062500e+01 6.216229629516601562e+01 -2.271042327880859375e+02 3.085339963436126709e-01 3.149859905242919922e-01 -5.999460220336914062e-01 6.675739884376525879e-01
0.000000000000000000e+00 0.000000000000000000e+00 6.103969955444335938e+01 6.243181610107421875e+01 -2.267046203613281250e+02 3.087979853153228760e-01 3.151989877223968506e-01 -6.040179729461669922e-01 6.636689901351928711e-01
0.000000000000000000e+00 0.000000000000000000e+00 6.244575500488281250e+01 6.300114440917968750e+01 -2.264848785400390625e+02 3.124060034751892090e-01 3.124450147151947021e-01 -6.084079742431640625e-01 6.592569947242736816e-01
0.000000000000000000e+00 0.000000000000000000e+00 6.324237823486328125e+01 6.346069335937500000e+01 -2.264155120849609375e+02 3.129589855670928955e-01 3.129360079765319824e-01 -6.128799915313720703e-01 6.546030044555664062e-01
0.000000000000000000e+00 0.000000000000000000e+00 6.254127120971679688e+01 6.307047653198242188e+01 -2.267753143310546875e+02 3.096660077571868896e-01 3.150239884853363037e-01 -6.155530214309692383e-01 6.526569724082946777e-01
0.000000000000000000e+00 0.000000000000000000e+00 6.322859954833984375e+01 6.353020477294921875e+01 -2.265459136962890625e+02 3.103330135345458984e-01 3.154450058937072754e-01 -6.189249753952026367e-01 6.489369869232177734e-01
0.000000000000000000e+00 0.000000000000000000e+00 6.391567611694335938e+01 6.392984390258789062e+01 -2.263963317871093750e+02 3.107840120792388916e-01 3.156450092792510986e-01 -6.227700114250183105e-01 6.449339985847473145e-01
0.000000000000000000e+00 0.000000000000000000e+00 6.439369964599609375e+01 6.417963409423828125e+01 -2.263464660644531250e+02 3.108589947223663330e-01 3.156909942626953125e-01 -6.254190206527709961e-01 6.423060297966003418e-01
0.000000000000000000e+00 0.000000000000000000e+00 6.529035186767578125e+01 6.465924072265625000e+01 -2.263364257812500000e+02 3.116010129451751709e-01 3.146879971027374268e-01 -6.297649741172790527e-01 6.381790041923522949e-01
0.000000000000000000e+00 0.000000000000000000e+00 6.572863769531250000e+01 6.488904571533203125e+01 -2.263063354492187500e+02 3.126629889011383057e-01 3.134289979934692383e-01 -6.317660212516784668e-01 6.362990140914916992e-01
0.000000000000000000e+00 0.000000000000000000e+00 6.620645904541015625e+01 6.514884185791015625e+01 -2.262364196777343750e+02 3.129299879074096680e-01 3.131659924983978271e-01 -6.346089839935302734e-01 6.334609985351562500e-01
0.000000000000000000e+00 0.000000000000000000e+00 6.699343109130859375e+01 6.557857513427734375e+01 -2.261465759277343750e+02 3.146629929542541504e-01 3.117569983005523682e-01 -6.381210088729858398e-01 6.297590136528015137e-01
0.000000000000000000e+00 0.000000000000000000e+00 6.761032104492187500e+01 6.597837066650390625e+01 -2.259768524169921875e+02 3.161019980907440186e-01 3.108519911766052246e-01 -6.417539715766906738e-01 6.257809996604919434e-01
0.000000000000000000e+00 0.000000000000000000e+00 6.916741180419921875e+01 6.688835144042968750e+01 -2.252378997802734375e+02 3.211210072040557861e-01 3.085240125656127930e-01 -6.438360214233398438e-01 6.222289800643920898e-01
0.000000000000000000e+00 0.000000000000000000e+00 6.963228607177734375e+01 6.710807800292968750e+01 -2.254779205322265625e+02 3.212369978427886963e-01 3.079760074615478516e-01 -6.505309939384460449e-01 6.154410243034362793e-01
0.000000000000000000e+00 0.000000000000000000e+00 7.009066772460937500e+01 6.728805541992187500e+01 -2.254779968261718750e+02 3.220109939575195312e-01 3.073309957981109619e-01 -6.523630023002624512e-01 6.134160161018371582e-01
0.000000000000000000e+00 0.000000000000000000e+00 7.023989868164062500e+01 6.738802337646484375e+01 -2.254581146240234375e+02 3.219929933547973633e-01 3.075009882450103760e-01 -6.533650159835815430e-01 6.122729778289794922e-01
0.000000000000000000e+00 0.000000000000000000e+00 7.057877349853515625e+01 6.759801483154296875e+01 -2.254182739257812500e+02 3.226700127124786377e-01 3.071630001068115234e-01 -6.545799970626831055e-01 6.107869744300842285e-01
0.000000000000000000e+00 0.000000000000000000e+00 7.102752685546875000e+01 6.776795959472656250e+01 -2.253282775878906250e+02 3.237349987030029297e-01 3.061150014400482178e-01 -6.558690071105957031e-01 6.093649864196777344e-01
0.000000000000000000e+00 0.000000000000000000e+00 7.149624633789062500e+01 6.790795135498046875e+01 -2.253082885742187500e+02 3.248069882392883301e-01 3.050740063190460205e-01 -6.571769714355468750e-01 6.079049706459045410e-01
0.000000000000000000e+00 0.000000000000000000e+00 7.211457824707031250e+01 6.810794067382812500e+01 -2.250884857177734375e+02 3.268589973449707031e-01 3.035059869289398193e-01 -6.586620211601257324e-01 6.059799790382385254e-01
0.000000000000000000e+00 0.000000000000000000e+00 7.265290832519531250e+01 6.830796813964843750e+01 -2.248489074707031250e+02 3.284139931201934814e-01 3.028379976749420166e-01 -6.602600216865539551e-01 6.037300229072570801e-01
0.000000000000000000e+00 0.000000000000000000e+00 7.302210235595703125e+01 6.841807556152343750e+01 -2.247291870117187500e+02 3.296099901199340820e-01 3.023230135440826416e-01 -6.607980132102966309e-01 6.027479767799377441e-01
0.000000000000000000e+00 0.000000000000000000e+00 7.320166778564453125e+01 6.875814819335937500e+01 -2.245797271728515625e+02 3.300999999046325684e-01 3.030009865760803223e-01 -6.611070036888122559e-01 6.017990112304687500e-01
0.000000000000000000e+00 0.000000000000000000e+00 7.328078460693359375e+01 6.892818450927734375e+01 -2.245498657226562500e+02 3.295969963073730469e-01 3.036839962005615234e-01 -6.623539924621582031e-01 6.003580093383789062e-01
